0.0111276
0.0095667
0.0101905
0.0074124
0.0072102
0.0066353
0.0065839
0.0066144
0.0066748
0.0066131
0.0068329
0.0067785
0.0069283
0.0065922
0.007949
0.0072543
0.0077436
0.0080516
0.0082116
0.0085017
0.0084795
0.0085062
0.0083635
0.0086416
0.0087482
0.0085951
0.0085712
0.0088018
0.0088396
0.0093703
0.0085181
0.0095598
0.0074718
0.0076644
0.0083754
0.0086218
0.0085247
0.0081841
0.0083727
0.0100931
0.009595
0.0104205
0.0111134
0.0122251
0.0122756
0.014624
0.0140114
0.010993
0.010586
0.0100074
0.0100271
0.0092254
0.0080573
0.0073862
0.006999
0.0069176
0.0065045
0.0067069
0.006515
0.0065456
0.0065622
0.0065028
0.0065621
0.0064904
0.0065149
0.0065905
0.0065289
0.0069238
0.0065984
0.0066246
0.0065105
0.0070675
0.0067148
0.006682
0.0066415
0.0065759
0.0065956
0.0065255
0.0065207
0.0069696
0.0088642
0.0093948
0.0096664
0.0094989
0.0113017
0.0111575
0.0103293
0.0108704
0.0107205
0.0114843
0.0112198
0.0124793
0.0110624
0.0110888
0.0115798
0.0127254
0.011051
0.0110623
0.0107954
0.0113344
0.0110065
0.0111201
0.0110745
0.0113536
0.0117109
0.011078
0.010659
0.0096347
0.0096188
0.0101816
0.0086845
0.0083867
0.007535
0.0073876
0.0068053
0.0078094
0.0066124
0.006555
0.0065105
0.0065063
0.007456
0.0065366
0.0065304
0.0064691
0.0065232
0.0066062
0.0064976
0.0065635
0.0065077
0.0066251
0.0065621
0.0065292
0.006568
0.0064922
0.0066238
0.0064733
0.0064816
0.0077032
0.0064926
0.0066724
0.009841
0.0110358
0.0124556
0.013133
0.0135446
0.0141414
0.0126635
0.0137026
0.0128951
0.0130992
0.0136275
0.0141919
0.0159201
0.0154316
0.0143837
0.0129739
0.0126786
0.0123425
0.0120081
0.0123128
0.0123268
0.0121724
0.0119233
0.0117135
0.0117603
0.0134092
0.0120004
0.0117526
0.0136282
0.0118873
0.0120896
0.0120519
0.0126332
0.0117432
0.0117547
0.0113391
0.0108053
0.0107967
0.0099073
0.0093134
0.0087985
0.0091484
0.0072269
0.0073964
0.0077133
0.0092302
0.0079794
0.0087245
0.009139
0.0125088
0.0105916
0.0109429
0.0118461
0.0110186
0.0126802
0.0111494
0.0137922
0.0143013
0.0143178
0.0117557
0.0122898
0.0112609
0.0138578
0.0117345
0.0144233
0.0120909
0.0123898
0.0123273
0.0135012
0.0119636
0.0136672
0.0131617
0.0119954
0.0106596
0.0095836
0.0096951
0.0099531
0.0109769
0.0098152
0.0105516
0.0110877
0.0128101
0.011751
0.0123534
0.0127534
0.0130575
0.0140279
0.0138387
0.0122977
0.0122136
0.0114692
0.0119104
0.0128366
0.0109796
0.0124831
0.0113669
0.011354
0.0111261
0.0119418
0.010486
0.0107618
0.0108723
0.010239
0.0095784
0.0101482
0.0105254
0.0098133
0.0096085
0.0105945
0.0102245
0.0117699
0.0111203
0.012214
0.0115169
0.0131298
0.0117224
0.0123339
0.0123703
0.0128803
0.0150116
0.0126357
0.0122596
0.0122868
0.0127877
0.0129236
0.0126991
0.0122649
0.0110114
0.011071
0.011456
0.0098211
0.0111617
0.0098455
0.0081662
0.0091253
0.0075806
0.0079055
0.0079927
0.0069871
0.007216
0.0066465
0.0067535
0.0071121
0.0083966
0.0085711
0.009181
0.0097
0.0097043
0.0124857
0.0119786
0.0112959
0.0131533
0.0129804
0.0119119
0.0131516
0.0123667
0.0133679
0.0134155
0.0142058
0.0155301
0.0146383
0.0142175
0.015536
0.0146128
0.0154387
0.0141905
0.0155873
0.0147711
0.0148516
0.0151832
0.0136325
0.0131606
0.0132014
0.0125313
0.0124084
0.0119384
0.0134982
0.0118615
0.0111921
0.0112547
0.0111882
0.010544
0.0100274
0.0086684
0.0076827
0.0073617
0.0068658
0.0067201
0.0072593
0.0064919
0.0064961
0.0065948
0.0064749
0.006553
0.0064942
0.0066609
0.0078387
0.006477
0.0066135
0.0064999
0.0083061
0.0073065
0.0069614
0.0065956
0.0066338
0.0065495
0.0065559
0.0069293
0.0065579
0.0066375
0.0065655
0.0068462
0.0065314
0.0065919
0.0066264
0.0065449
0.0072599
0.0066705
0.0078873
0.0066127
0.0069721
0.006535
0.0065768
0.006481
0.0064852
0.0065646
0.0064804
0.0066056
0.0065189
0.0065033
0.0066151
0.0066297
0.0069444
0.0065429
0.006806
0.0067118
0.0065163
0.0066391
0.0065511
0.0067257
0.0066623
0.0072417
0.0072447
0.0065576
0.0067027
0.0066095
0.0070867
0.0065032
0.0067723
0.0066978
0.0065509
0.0065918
0.0067093
0.0068322
0.0065683
0.0066984
0.0066874
0.0065064
0.0065685
0.0065418
0.0066249
0.0065442
0.0089661
0.0109473
0.0119492
0.0123684
0.0101957
0.0095732
0.0089035
0.0078027
0.007477
0.0073379
0.0069684
0.0066503
0.0068306
0.0070506
0.0069604
0.0067366
0.006706
0.0067473
0.0066609
0.0072799
0.0069335
0.0068644
0.0067396
0.007687
0.0066626
0.0066486
0.0067471
0.0065649
0.0066343
0.0064884
0.0064941
0.0065955
0.0065317
0.0072233
0.0066186
0.0064779
0.0065855
0.0065295
0.0065491
0.0065091
0.0065713
0.0066169
0.0071166
0.0067222
0.0066716
0.0080336
0.0066151
0.0066693
0.0066687
0.0066306
0.0073721
0.0067213
0.0066995
0.0065985
0.0066658
0.0067258
0.0069234
0.0066212
0.0066485
0.0068016
0.0067643
0.0068305
0.0066531
0.0067022
0.0067596
0.0066398
0.0067267
0.0077249
0.0068927
0.0066076
0.0067072
0.0066265
0.006911
0.0070519
0.0067165
0.0067119
0.0065672
0.0071134
0.006505
0.0065957
0.0064985
0.0065498
0.0066185
0.0065504
0.0067219
0.0068032
0.0067517
0.0065695
0.0065552
0.0082493
0.0067026
0.00674
0.0066238
0.0066652
0.0072327
0.006658
0.0065612
0.0064818
0.006586
0.0066303
0.0067387
0.0066204
0.0066716
0.0066332
0.0066361
0.0066129
0.0065437
0.0066151
0.0065432
0.0066594
0.0065839
0.0080242
0.0065531
0.006837
0.0068646
0.006701
0.0069964
0.0065092
0.0065952
0.0065532
0.0066151
0.0065589
0.0065374
0.0068465
0.0066959
0.0067204
0.0066074
0.0067284
0.0066636
0.0068183
0.0068867
0.0082717
0.009366
0.0095764
0.0111455
0.011325
0.0102795
0.011944
0.0119842
0.010159
0.0096378
0.0090883
0.0082347
0.0081817
0.0068319
0.0066252
0.0066521
0.006778
0.0066815
0.0066922
0.0066333
0.0066976
0.0073048
0.008821
0.0078755
0.0069809
0.0089851
0.0073032
0.0074229
0.0067281
0.0067238
0.0065682
0.0069074
0.0070545
0.007088
0.0066312
0.0065682
0.0066566
0.0066232
0.006753
0.0066665
0.006723
0.0066059
0.0065814
0.0065923
0.0065344
0.006625
0.0065934
0.0080307
0.0065458
0.0065828
0.0065446
0.0065365
0.0066237
0.0066849
0.0067147
0.0066312
0.0066406
0.0067784
0.0075028
0.0093498
0.0105914
0.0117351
0.0128576
0.0152706
0.0130213
0.0128724
0.0133168
0.0108868
0.0105876
0.0103694
0.0105905
0.0098402
0.0100079
0.0101011
0.0106733
0.0124632
0.0111165
0.0111519
0.0125178
0.0111738
0.0110189
0.0113255
0.011547
0.0114605
0.0103244
0.0096406
0.011237
0.0103981
0.0095181
0.0095537
0.0086829
0.0086434
0.008322
0.0079277
0.0075419
0.0067284
0.0068499
0.0067482
0.0065895
0.0067603
0.0065956
0.0065842
0.0064604
0.0064736
0.0066229
0.0064608
0.0065494
0.0064801
0.0070409
0.0072805
0.0068005
0.0069362
0.0067021
0.0085578
0.0064731
0.0065482
0.0064525
0.0064994
0.0066405
0.0067452
0.00662
0.0065586
0.0065844
0.0065194
0.0066773
0.0066097
0.0065615
0.0067206
0.0066456
0.0068327
0.0065274
0.0065962
0.0065942
0.0065014
0.0065694
0.0078077
0.0066008
0.0065843
0.0070681
0.0065394
0.0093154
0.0114691
0.0115233
0.0182038
0.0112978
0.0111808
0.0118445
0.01101
0.0115756
0.0105072
0.0108318
0.011681
0.0104339
0.0105348
0.0097759
0.0103657
0.0094697
0.0091204
0.0088648
0.0090293
0.0088567
0.0082537
0.0081568
0.0077324
0.0075679
0.0076022
0.007513
0.0065539
0.0065478
0.0066773
0.0065535
0.0066768
0.0065635
0.0066777
0.0066441
0.006733
0.0065223
0.0064591
0.0065066
0.0064329
0.0079073
0.0065163
0.0064858
0.006593
0.006536
0.006504
0.0066558
0.0065077
0.0066093
0.0064544
0.0078097
0.0090636
0.0089635
0.0092868
0.0091539
0.0116872
0.0120717
0.0113836
0.0133609
0.0121472
0.0123397
0.0136785
0.0127138
0.0140186
0.0122007
0.0132785
0.0123597
0.0121263
0.012525
0.0122456
0.0130942
0.012594
0.0111334
0.0119069
0.0104462
0.0097066
0.0100739
0.0087617
0.0088851
0.0097927
0.0091003
0.0085155
0.0081656
0.0081996
0.0093078
0.0066238
0.0080628
0.00874
0.0089517
0.0106145
0.0115612
0.0110505
0.0113739
0.0116976
0.0119424
0.0139195
0.0145361
0.0145832
0.0132654
0.0152553
0.0142425
0.0144842
0.0151807
0.0147278
0.0158791
0.0151326
0.0164437
0.0156042
0.0162086
0.0168289
0.015921
0.0160433
0.016468
0.0157979
0.015746
0.0151001
0.0147645
0.0142459
0.0138446
0.0136371
0.0134422
0.0146112
0.0119435
0.0115546
0.0113166
0.012034
0.011011
0.0094277
0.0091121
0.0067695
0.0074043
0.0067729
0.0066358
0.0072707
0.006779
0.0066315
0.006664
0.0066228
0.0067353
0.0066074
0.0065821
0.0065045
0.0065121
0.0065218
0.0064705
0.0065447
0.006519
0.0064989
0.0065949
0.0065009
0.0081495
0.0065516
0.006741
0.0064917
0.0065006
0.0065793
0.0065303
0.0066175
0.0064754
0.0064812
0.0066882
0.0065514
0.0065485
0.0065215
0.0068042
0.0066471
0.0065515
0.0066047
0.0064833
0.0065584
0.0065434
0.0065819
0.0066392
0.0087422
0.0066744
0.0064802
0.0065933
0.0064739
0.0065303
0.0065423
0.0064866
0.0068941
0.0066707
0.0066569
0.0065937
0.0067659
0.0065921
0.0066103
0.0066769
0.0066441
0.0066455
0.0067
0.0065742
0.0067994
0.0074294
0.0095147
0.0088372
0.0097881
0.0102996
0.0107212
0.0098418
0.0100846
0.0110625
0.009366
0.0111139
0.0119256
0.0117137
0.0122348
0.0130313
0.0128141
0.0077549
0.0074031
0.0068817
0.0066511
0.0066315
0.0082581
0.0078256
0.0088757
0.0066316
0.0066821
0.0067022
0.0066759
0.006678
0.0067023
0.0067651
0.0067049
0.0073948
0.0065953
0.0065689
0.0066029
0.0065293
0.0066648
0.0065801
0.0065537
0.0064642
0.0064361
0.0064885
0.0064329
0.0064895
0.0082419
0.0064541
0.0071163
0.0065186
0.0065657
0.0069461
0.0066872
0.0064781
0.0064202
0.0067467
0.0079841
0.0087342
0.0089113
0.0089676
0.0092317
0.0089439
0.008865
0.0092419
0.0090008
0.0091842
0.010785
0.0107808
0.0093186
0.0104832
0.0089545
0.0087351
0.0089592
0.0097311
0.0094957
0.0086146
0.0088925
0.0087306
0.0087048
0.009267
0.0098166
0.0097817
0.0111367
0.0105949
0.0112696
0.0119102
0.0147586
0.0121103
0.0135076
0.0108675
0.0099924
0.0097553
0.0094456
0.0091367
0.0093403
0.0102931
0.0104841
0.0100912
0.0091758
0.0090529
0.0091424
0.0111895
0.0108149
0.0104402
0.010697
0.0102052
0.0112618
0.0106825
0.0092144
0.0091484
0.009527
0.0084862
0.0085
0.0077391
0.0075449
0.0077653
0.0067172
0.0075737
0.0066127
0.0065611
0.0066181
0.006531
0.0066363
0.0065674
0.0064846
0.0064999
0.0064425
0.006517
0.0064685
0.0064898
0.0064592
0.0064345
0.0065487
0.006448
0.006768
0.0077495
0.0065525
0.0065666
0.0065103
0.0065022
0.0073131
0.0093036
0.0077402
0.0078178
0.0074636
0.0074049
0.0072638
0.0075197
0.0077243
0.0068655
0.0066125
0.0066025
0.006603
0.0067631
0.0069251
0.0065953
0.0065111
0.0077641
0.0065306
0.0064404
0.0067772
0.0068174
0.0064709
0.0064836
0.0064653
0.0064741
0.0064802
0.0064693
0.0088134
0.0093452
0.0091608
0.0088245
0.0087583
0.0088193
0.0084528
0.0085753
0.0081975
0.008275
0.0081275
0.0085708
0.0067172
0.0073329
0.0072344
0.0071981
0.0069689
0.0065872
0.006536
0.0065978
0.0066172
0.0066129
0.0065896
0.0065884
0.0066734
0.0064428
0.0064501
0.0066048
0.0065187
0.0065539
0.0065097
0.006656
0.0067628
0.0076644
0.0065659
0.0067146
0.0066252
0.006534
0.0065698
0.0065498
0.0064704
0.0065109
0.0064849
0.0065144
0.00646
0.0065257
0.0065994
0.0131023
0.0126719
0.0121049
0.0114862
0.0120868
0.0114836
0.0111983
0.0102947
0.0099101
0.0102967
0.0107759
0.0118417
0.0133869
0.0120586
0.0139421
0.0131607
0.0135283
0.0138931
0.0137407
0.0136769
0.0143907
0.0142065
0.0144169
0.0124957
0.0116063
0.011618
0.0116512
0.011861
0.0120568
0.0115423
0.0117079
0.011347
0.0110246
0.0126412
0.0104971
0.0105324
0.010415
0.010155
0.0097105
0.0106539
0.0090078
0.0094256
0.0096736
0.0101378
0.0107128
0.0118803
0.013313
0.0150292
0.0146629
0.015051
0.0155045
0.0160587
0.0168996
0.0152038
0.0170326
0.017072
0.0168104
0.0153275
0.0151672
0.0155202
0.0155185
0.0171717
0.0156458
0.0160376
0.0155022
0.0165956
0.0153856
0.0155329
0.0168892
0.0154745
0.0152584
0.0152057
0.0151295
0.0159037
0.0139003
0.0134908
0.0128839
0.0141399
0.012179
0.011226
0.0115739
0.0093729
0.0091252
0.00739
0.0075745
0.0066366
0.0066106
0.0065394
0.0067151
0.0067994
0.0064565
0.0065265
0.0067311
0.006583
0.0064975
0.0065269
0.006459
0.0083079
0.0064739
0.0064714
0.0065024
0.0064559
0.0065251
0.0064811
0.006452
0.006509
0.0064785
0.0065235
0.0064915
0.0064284
0.006542
0.0064329
0.0065433
0.0064538
0.0065317
0.0066087
0.006849
0.0078137
0.0079318
0.0091242
0.0065875
0.0077373
0.0067697
0.0071372
0.0082179
0.0071524
0.0075493
0.0073026
0.0080722
0.0068391
0.006629
0.0066564
0.0065323
0.00663
0.006648
0.0065405
0.00668
0.0066588
0.0068764
0.0074739
0.0074006
0.0089755
0.0066054
0.0065991
0.0066168
0.0066795
0.0065835
0.0065292
0.006427
0.0064339
0.0065493
0.0064685
0.0070723
0.0065838
0.0064809
0.0065702
0.0064765
0.0065448
0.0064807
0.0064844
0.006556
0.0064919
0.0064965
0.0080043
0.0065166
0.0064518
0.0064427
0.0065232
0.00645
0.0070705
0.0067737
0.0067967
0.0066816
0.0068656
0.006552
0.0064525
0.0064851
0.0064363
0.0070097
0.0067041
0.0068304
0.0064508
0.0064177
0.0069255
0.0070975
0.0081681
0.006492
0.0065286
0.0064347
0.0064984
0.0065737
0.0065084
0.0066677
0.0066087
0.0069221
0.0076732
0.0073673
0.0071232
0.0073617
0.0073832
0.0083765
0.0074292
0.0072196
0.0085463
0.0086954
0.0078912
0.0072733
0.0083515
0.0075031
0.0077377
0.0075284
0.0077452
0.008393
0.0101187
0.0076329
0.0075446
0.0073485
0.0077013
0.007645
0.0075257
0.0081635
0.0092081
0.0081796
0.0080438
0.0074183
0.0074326
0.0069293
0.007205
0.0076637
0.0090604
0.008788
0.011663
0.011109
0.0124755
0.013316
0.0140591
0.0142234
0.0165463
0.007158
0.0075753
0.0074667
0.0075522
0.008497
0.0073096
0.0072404
0.0071411
0.0073636
0.0072068
0.0077817
0.0067531
0.0074242
0.0073394
0.0088873
0.0066695
0.006576
0.0067528
0.006614
0.0067255
0.0066278
0.0066583
0.0069207
0.0085011
0.0070768
0.0078435
0.0077831
0.0084577
0.0076068
0.0072745
0.0077826
0.006762
0.0073703
0.0079594
0.0073936
0.0078057
0.0086794
0.0077409
0.0077488
0.0077586
0.0087326
0.0075155
0.0086103
0.007749
0.0075969
0.0076844
0.0074574
0.007744
0.008061
0.0084475
0.0089355
0.0095092
0.010658
0.0114908
0.0119931
0.0131868
0.0135348
0.0140836
0.0132189
0.0115019
0.0105417
0.0109581
0.0083094
0.0081261
0.0066531
0.006542
0.0066045
0.006595
0.0066273
0.00656
0.0071925
0.0067359
0.006669
0.0065211
0.0064649
0.0065201
0.0064529
0.0064618
0.0066317
0.0064901
0.0079502
0.006498
0.00658
0.0064805
0.0064582
0.007564
0.0065051
0.0070547
0.006512
0.0065295
0.0065053
0.0064969
0.0064517
0.0064694
0.0064999
0.0064741
0.0065376
0.0064651
0.0064582
0.0065616
0.0066779
0.0066342
0.0085483
0.0065221
0.0065043
0.0064656
0.006567
0.0065205
0.0066749
0.0065353
0.0066987
0.0065173
0.0064743
0.0065585
0.0065029
0.0066161
0.0065838
0.0065069
0.0071737
0.0065468
0.0067019
0.0065817
0.0067312
0.0066338
0.0085928
0.0065979
0.0065713
0.0066845
0.0065755
0.0066123
0.0067487
0.0068072
0.0066113
0.0065902
0.006605
0.006608
0.0066678
0.0066572
0.0065508
0.0066836
0.006571
0.0066476
0.0065732
0.006673
0.0065833
0.0065635
0.00834
0.0066443
0.0075596
0.0070666
0.0069136
0.0067785
0.0069041
0.0068826
0.0079701
0.0075304
0.0071121
0.0078943
0.0071036
0.0075047
0.0077186
0.0071331
0.0067714
0.0067168
0.0074878
0.007221
0.0065935
0.0065302
0.0076731
0.0081397
0.0071511
0.0066932
0.0089815
0.011802
0.0112473
0.0127169
0.0131235
0.0118144
0.0119495
0.0115116
0.0116481
0.0108407
0.0090019
0.0078036
0.0067533
0.0066967
0.0066462
0.0066981
0.0065907
0.0070799
0.0066202
0.0084519
0.0065723
0.0064556
0.0065135
0.0064901
0.0065019
0.0064978
0.0065156
0.0065169
0.0064769
0.0065517
0.0065213
0.0065045
0.0064803
0.0064705
0.0071366
0.0064645
0.0065111
0.0064574
0.0064426
0.0065391
0.0064719
0.0083638
0.0066125
0.0065995
0.0064845
0.0065012
0.006518
0.0064806
0.0065759
0.0064756
0.0065188
0.0064687
0.0064828
0.0065062
0.0064646
0.0067249
0.006495
0.006481
0.006612
0.0065478
0.0065408
0.0064917
0.0064407
0.0083031
0.006458
0.0064983
0.0064974
0.006561
0.0065223
0.00651
0.0065964
0.0064892
0.0068541
0.0069399
0.0066315
0.0065223
0.0065082
0.0068467
0.0065038
0.0066324
0.0064578
0.0064651
0.0065132
0.0064597
0.0065994
0.0089068
0.0071269
0.0092019
0.0094902
0.0099911
0.0114983
0.0102231
0.0119092
0.0120081
0.0140518
0.0110608
0.0110074
0.0131617
0.0129862
0.0113392
0.0139179
0.0146148
0.0132047
0.0147413
0.012649
0.0134961
0.0123766
0.0119457
0.0116849
0.0112064
0.0123601
0.0101733
0.0113553
0.0096707
0.009514
0.0112321
0.0098591
0.0100553
0.0096671
0.0093343
0.0086224
0.0078208
0.0077856
0.0075755
0.0071014
0.0081248
0.0072419
0.0077229
0.0068218
0.0082336
0.0066432
0.0065499
0.0064997
0.0065802
0.0065008
0.006541
0.0065581
0.006581
0.0066692
0.0067775
0.0065722
0.0066308
0.0065178
0.006659
0.0065724
0.0065406
0.0065606
0.0065001
0.0065771
0.0064672
0.0066174
0.0064895
0.008582
0.0066239
0.006492
0.0073219
0.0066047
0.0066172
0.0064964
0.0064926
0.0065471
0.0064821
0.006585
0.0064941
0.0066994
0.0064849
0.006492
0.0065613
0.0065477
0.0067027
0.006588
0.0065324
0.0065759
0.0065423
0.0086254
0.0065189
0.0069041
0.0065169
0.0065051
0.0065741
0.0065256
0.0066204
0.0065663
0.0065692
0.0068933
0.0064383
0.0066803
0.0064879
0.0065609
0.0064887
0.0064833
0.0065275
0.0065008
0.0065004
0.0064593
0.0069162
0.0082921
0.0066567
0.0067103
0.0064857
0.0066743
0.0068339
0.0068855
0.0065788
0.0066313
0.0065413
0.0069044
0.006551
0.0064785
0.0065606
0.0065089
0.0064984
0.0065821
0.0066019
0.0067699
0.0065091
0.0067442
0.0065464
0.007975
0.0067415
0.0065691
0.0065925
0.0065771
0.0069852
0.0065107
0.0064565
0.0065586
0.006484
0.0065506
0.0065203
0.006588
0.0067846
0.0066123
0.0065651
0.0065189
0.0065565
0.0065108
0.0065397
0.0065281
0.006477
0.0079126
0.0064652
0.0065108
0.0064975
0.0065316
0.006499
0.0064823
0.0078192
0.006766
0.0068122
0.0069987
0.0065596
0.0064643
0.0064674
